cat
7
113
125
121
122
120
109
112
106
120
122
125
120
121
122
121
119
98
121
122
125
121
120
120
122
119
98
125
123
116
210
80
121
119
100
120
121
121
125
120
121
122
119
100
123
125
131
121
120
121
120
122
121
122
101
120
120
123
120
121
120
120
120
100
122
122
122
121
119
121
100
119
125
121
123
119
99
120
120
208
120
99
121
120
121
121
120
119
100
122
125
121
120
122
120
122
119
102
121
120
121
120
120
121
121
113
108
122
126
121
120
119
117
99
122
125
121
121
120
120
122
119
97
121
125
121
120
120
122
119
118
99
120
125
122
122
121
122
121
118
102
402
96
120
98
121
122
120
120
120
122
125
123
123
98
121
120
122
125
120
120
120
120
121
110
109
121
119
120
120
121
121
121
121
120
119
224
120
120
119
96
119
120
125
120
119
120
120
120
97
121
122
121
121
125
121
120
120
120
108
109
125
119
122
120
119
120
118
97
120
125
120
121
120
120
120
279
121
48
75
120
121
123
120
122
118
102
120
125
121
120
112
105
120
120
121
132
125
45
120
121
122
120
120
125
122
100
120
120
119
121
122
121
114
132
120
121
121
98
119
122
122
125
119
120
120
100
120
62
54
99
125
53
121
121
120
121
122
121
120
122
120
99
105
72
120
122
121
123
125
119
90
119
121
121
120
125
119
118
98
121
120
121
121
120
122
120
125
121
96
120
121
120
121
125
120
118
98
121
122
120
119
122
118
120
121
119
121
119
97
121
120
125
120
121
120
120
119
98
125
121
120
401
96
119
122
122
120
122
121
125
118
109
120
120
121
121
61
121
123
121
119
120
121
96
123
125
121
119
121
100
120
121
120
120
125
120
121
119
100
121
122
125
122
140
121
121
120
120
121
98
119
123
84
120
121
121
120
120
120
123
97
125
119
120
120
119
98
120
125
121
136
120
121
120
119
120
120
120
122
120
98
119
122
127
72
122
125
121
120
121
122
121
119
119
98
122
120
120
119
120
121
135
122
120
125
119
118
98
122
120
121
125
121
119
120
121
116
98
120
157
73
120
125
120
121
118
98
120
120
125
120
123
120
122
120
119
98
120
121
119
120
120
122
119
122
120
121
100
120
121
121
119
107
121
100
119
119
119
122
120
122
120
119
118
120
100
121
120
122
119
120
106
115
352
72
121
121
122
123
121
119
121
100
120
120
120
120
122
120
120
100
132
73
122
120
119
120
90
72
125
121
122
122
56
120
120
119
120
61
60
73
121
122
120
120
121
120
123
98
120
122
119
130
72
63
72
121
120
122
120
120
121
121
122
120
99
121
123
120
120
122
96
116
106
120
119
122
120
104
121
119
122
119
118
97
120
120
122
132
54
40
97
121
118
99
121
121
125
119
120
120
120
121
96
120
121
121
120
125
120
123
120
120
96
121
125
220
100
120
123
120
120
120
121
100
121
121
121
121
119
119
120
122
107
113
122
119
120
180
73
125
122
53
121
121
119
122
119
120
98
120
121
120
121
120
120
121
121
121
101
149
72
121
72
99
118
101
125
121
120
120
100
124
126
120
121
100
121
62
120
119
121
121
121
123
100
121
120
120
120
122
109
73
119
123
97
121
120
121
119
120
120
121
119
120
121
119
97
166
44
125
121
120
119
99
121
122
120
119
120
121
122
120
102
118
98
121
130
125
121
66
121
119
120
122
120
121
120
120
121
111
105
121
120
120
120
126
119
111
108
121
122
120
123
98
120
119
120
119
120
119
121
121
120
112
118
99
121
120
120
120
266
119
120
93
57
121
120
123
120
120
70
120
119
120
120
122
105
121
100
121
120
89
120
120
122
121
121
120
74
120
122
119
120
122
121
120
98
119
121
119
121
121
121
100
120
122
120
121
120
122
120
120
100
120
120
120
120
120
121
207
121
125
121
121
122
121
120
115
102
120
125
122
121
120
120
121
118
100
163
71
121
121
119
101
121
120
122
121
125
121
123
119
98
121
121
125
121
121
120
120
122
120
100
122
121
121
121
119
120
121
121
120
122
100
120
120
104
120
121
119
125
118
99
121
121
120
119
120
120
121
120
123
98
121
120
120
123
121
125
121
120
119
98
121
121
120
121
123
120
426
96
120
120
119
113
104
125
120
120
121
120
120
122
120
119
98
120
154
72
119
121
121
119
120
125
120
118
82
119
122
120
125
119
119
98
120
120
120
120
180
71
119
119
120
120
120
120
120
84
125
112
104
120
118
122
121
122
120
91
120
121
122
121
120
122
120
79
125
120
120
121
78
120
121
121
124
125
117
98
74
121
121
120
122
61
121
119
120
121
120
120
121
121
117
102
93
121
120
120
120
120
125
120
114
102
134
121
47
120
121
121
122
120
120
123
120
110
110
121
125
120
120
120
121
119
141
100
121
122
122
121
121
120
120
121
122
122
100
124
72
123
122
119
119
125
88
121
123
120
120
120
120
122
120
96
121
119
121
121
122
120
121
100
121
120
120
121
120
120
120
120
120
122
118
99
246
58
118
99
121
125
120
121
122
120
120
118
105
122
119
97
123
121
121
120
120
119
121
120
121
96
121
122
120
123
125
120
100
120
122
122
121
121
120
100
121
121
120
120
115
122
123
121
121
100
120
122
119
121
119
265
94
102
121
123
120
121
121
121
125
120
98
120
120
120
104
40
121
121
122
74
79
118
121
121
120
121
74
120
120
117
105
114
120
96
73
120
98
121
119
123
120
120
123
120
125
121
97
121
121
120
120
135
72
121
120
120
120
121
121
121
121
119
102
121
102
122
121
120
121
125
120
121
102
117
120
121
121
104
122
119
120
122
121
121
119
121
120
102
120
120
120
121
119
120
121
137
120
119
99
121
121
120
121
121
121
100
122
122
121
120
121
121
123
131
125
118
100
121
121
119
121
125
120
122
120
98
121
120
121
121
149
40
75
120
122
122
120
120
122
123
99
120
122
120
121
121
121
120
100
120
118
98
120
119
183
94
105
117
121
121
63
119
120
120
125
121
120
99
122
120
120
121
122
72
122
125
120
57
120
120
120
121
123
116
104
120
122
120
121
121
109
123
122
120
122
120
120
120
121
122
100
106
73
120
120
123
122
64
121
122
120
119
120
120
120
118
87
121
125
119
98
121
120
93
73
125
120
121
121
119
123
121
119
98
93
121
120
119
100
123
120
120
120
125
121
121
120
96
122
102
121
120
123
112
107
119
120
119
121
120
121
125
118
98
121
100
222
49
80
121
112
110
120
121
121
120
122
125
121
119
99
122
120
121
123
120
125
120
100
121
224
98
121
49
120
100
123
119
121
124
121
121
121
120
100
122
121
119
121
1
